Homography matrix:
[[-6.93065402e-01  7.39083356e-01  3.79221573e+02]
 [ 7.12310652e-01  7.20020552e-01 -7.03669953e+01]
 [ 2.89548798e-07  7.35111617e-05  1.00000000e+00]]
real location:
[[100. 500.]
 [150. 550.]
 [200. 600.]
 [225. 225.]
 [300. 300.]
 [350. 350.]
 [400. 400.]
 [400.  50.]
 [500. 100.]
 [ 50. 400.]
 [550. 150.]
 [600. 200.]]
estimated xy:
[[ 99.93799525 500.47814571]
 [149.97168924 550.12542507]
 [200.85207779 600.24117196]
 [225.00276867 225.4642154 ]
 [298.9446026  299.09069961]
 [349.74241818 349.79012126]
 [399.55911668 399.64889202]
 [400.34497464  50.40287755]
 [500.45661877  99.60136322]
 [ 50.09993942 399.60743475]
 [550.07779242 150.11780171]
 [600.01000634 200.43185175]]
[[611.78986  197.80952 ]
 [613.9887   269.63635 ]
 [615.9679   343.18103 ]
 [321.52548   94.998245]
 [322.72455  199.99814 ]
 [323.646    273.15494 ]
 [324.66165  345.7559  ]
 [ 70.43149   98.562454]
 [ 33.153316 205.35164 ]
 [571.5421    91.11053 ]
 [ 33.268726 277.56372 ]
 [ 33.01001  350.61972 ]]
[[100. 500. 153.]
 [150. 550. 153.]
 [200. 600. 153.]
 [225. 225. 153.]
 [300. 300. 153.]
 [350. 350. 153.]
 [400. 400. 153.]
 [400.  50. 153.]
 [500. 100. 153.]
 [ 50. 400. 153.]
 [550. 150. 153.]
 [600. 200. 153.]]
Intrinsic matrix:
[[816.7299762    0.         310.21960294]
 [  0.         818.1692256  248.89023889]
 [  0.           0.           1.        ]]
distortion coefficients
[[-0.00154756  0.46003915  0.00443635 -0.0032353  -1.2743261 ]]
Rotation matrix:
[[-0.69773536  0.71632187 -0.00695332]
 [ 0.7156508   0.69658555 -0.05111259]
 [-0.03176949 -0.04063921 -0.99866869]]
translation:
[[   7.76329826]
 [-462.74499577]
 [ 977.88132645]]
[[[611.2138   197.51956 ]]

 [[613.749    269.8622  ]]

 [[616.5168   343.09924 ]]

 [[321.09885   94.63564 ]]

 [[322.68195  201.17427 ]]

 [[323.70386  273.16217 ]]

 [[324.69617  345.98145 ]]

 [[ 70.40095   97.73279 ]]

 [[ 33.915417 205.28189 ]]

 [[571.62244   90.8968  ]]

 [[ 33.431408 277.58798 ]]

 [[ 32.66997  350.79434 ]]]
